
Current

08
70
08
60
10
00
88
18
28
08
08

0000 10
0111 00
0000 10
0110 00
0001 00
0000 00
1000 10
0001 10
0010 10
0000 10
0000 10

Ideal

00
04
0C
64
14
00
88
1C
2C
0C
08
74

0000 11
0110 01
0001 01
0000 00

1000 10
0001 11
0010 11
0000 11

0000 10
0111 01

Actual

0000 11
0110 01
0001 01
0000 00

1000 10
0001 11
0010 11
0000 11

0000 10
0111 01

What is likely happening:

I2 is not being set.

0000 1
0110 0
0001 0
0000 0
1000 1
0001 1
0010 1
0000 1
0000 1
0111 0

0000 1
0110 0
0001 0
0000 0
1000 1
0001 1
0010 1
0000 1
0000 1
0111 0
