f1 f5 f1 75 71 71 71 71 71 71 71 71 71 71 71 71 
f1 f5 f1 75 71 71 71 71 71 71 71 71 71 71 71 71 
f1 f5 f1 75 71 71 71 71 71 71 71 71 71 71 71 71 
f1 f5 f1 7d 71 71 71 71 71 71 71 71 71 71 71 71 
f1 f5 f1 71 71 71 71 71 71 71 71 71 71 71 71 71 
f1 f5 f1 71 71 71 71 71 71 71 71 71 71 71 71 71 
f1 f5 f1 79 71 71 71 71 71 71 71 71 71 71 71 71 
f1 f5 f1 71 71 71 71 71 71 71 71 71 71 71 71 71 
f1 f5 f1 71 71 71 71 71 71 71 71 71 71 71 71 71 
f1 f5 f1 79 71 71 71 71 71 71 71 71 71 71 71 71 
f1 f5 f1 71 71 71 71 71 71 71 71 71 71 71 71 71 
f1 f5 f1 71 71 71 71 71 71 71 71 71 71 71 71 71 
f1 f5 f1 79 71 71 71 71 71 71 71 71 71 71 71 71 
f1 f5 f1 71 71 71 71 71 71 71 71 71 71 71 71 71 
f1 f5 f1 71 71 71 71 71 71 71 71 71 71 71 71 71 
f1 f5 f1 71 71 71 71 71 71 71 71 71 71 71 71 71 
f1 f5 b1 31 71 71 71 71 71 71 71 71 71 71 71 71 
f1 f5 b1 31 71 71 71 71 71 71 71 71 71 71 71 71 
f1 f5 b1 31 71 71 71 71 71 71 71 71 71 71 71 71 
f1 f5 e0 60 71 71 71 71 71 71 71 71 71 71 71 71 
f1 f5 e0 60 71 71 71 71 71 71 71 71 71 71 71 71 
f1 f5 e0 60 71 71 71 71 71 71 71 71 71 71 71 71 
f1 f5 f1 51 71 71 71 71 71 71 71 71 71 71 71 71 
f1 f5 f1 51 71 71 71 71 71 71 71 71 71 71 71 71 
f1 f5 e2 62 71 71 71 71 71 71 71 71 71 71 71 71 
f1 f5 e2 62 71 71 71 71 71 71 71 71 71 71 71 71 
f1 f5 f1 75 71 71 71 71 71 71 71 71 71 71 71 71 
f1 f5 f1 75 71 71 71 71 71 71 71 71 71 71 71 71 
f1 f5 f1 71 71 71 71 71 71 71 71 71 71 71 71 71 
f1 f5 f1 71 71 71 71 71 71 71 71 71 71 71 71 71 
f1 f5 f1 71 71 71 71 71 71 71 71 71 71 71 71 71 
f1 75 71 71 71 71 71 71 71 71 71 71 71 71 71 71 
