01111111	01111111	11111111	11111111	11111111	11111111	11111111	11111111	11111111	11111111	11111111	11111111	11111111	11111111	11111111	11111111
01111111	01111111	01111111	01111111	11111111	11111111	11111111	11111111	11111111	11111111	11111111	11111111	11111111	11111111	11111111	11111111
01111111	01111111	01110111	01111111	11111111	11111111	11111111	11111111	11111111	11111111	11111111	11111111	11111111	11111111	11111111	11111111
01111111	01111111	01111111	01111111	11111111	11111111	11111111	11111111	11111111	11111111	11111111	11111111	11111111	11111111	11111111	11111111
01111111	01111111	11111111	11111111	11111111	11111111	11111111	11111111	11111111	11111111	11111111	11111111	11111111	11111111	11111111	11111111
01111111	01111111	11110111	11111111	11111111	11111111	11111111	11111111	11111111	11111111	11111111	11111111	11111111	11111111	11111111	11111111
01111111	01111111	11111111	11111111	11111111	11111111	11111111	11111111	11111111	11111111	11111111	11111111	11111111	11111111	11111111	11111111
01111111	01111111	11111111	11111111	11111111	11111111	11111111	11111111	11111111	11111111	11111111	11111111	11111111	11111111	11111111	11111111
01111111	01111111	11110111	11111111	11111111	11111111	11111111	11111111	11111111	11111111	11111111	11111111	11111111	11111111	11111111	11111111
01111111	01111111	11111111	11111111	11111111	11111111	11111111	11111111	11111111	11111111	11111111	11111111	11111111	11111111	11111111	11111111
01111111	01111111	11111111	11111111	11111111	11111111	11111111	11111111	11111111	11111111	11111111	11111111	11111111	11111111	11111111	11111111
01111111	01111111	11111111	11111111	11111111	11111111	11111111	11111111	11111111	11111111	11111111	11111111	11111111	11111111	11111111	11111111
01111111	01111111	11110111	11111111	11111111	11111111	11111111	11111111	11111111	11111111	11111111	11111111	11111111	11111111	11111111	11111111
01111111	01111111	11101111	11101111	11111111	11111111	11111111	11111111	11111111	11111111	11111111	11111111	11111111	11111111	11111111	11111111
01111111	01111111	11111111	11111111	11111111	11111111	11111111	11111111	11111111	11111111	11111111	11111111	11111111	11111111	11111111	11111111
01111111	01111111	11101111	11101111	11111111	11111111	11111111	11111111	11111111	11111111	11111111	11111111	11111111	11111111	11111111	11111111
01111111	01111111	10111111	10111111	11111111	11111111	11111111	11111111	11111111	11111111	11111111	11111111	11111111	11111111	11111111	11111111
01111111	01111111	11011111	11011111	11111111	11111111	11111111	11111111	11111111	11111111	11111111	11111111	11111111	11111111	11111111	11111111
01111111	01111111	11111111	11111111	11111111	11111111	11111111	11111111	11111111	11111111	11111111	11111111	11111111	11111111	11111111	11111111
01111111	01111111	11110111	11111111	11111111	11111111	11111111	11111111	11111111	11111111	11111111	11111111	11111111	11111111	11111111	11111111
01111011	01111011	11111011	11111011	11111111	11111111	11111111	11111111	11111111	11111111	11111111	11111111	11111111	11111111	11111111	11111111
01111011	01111011	11110011	11111011	11111111	11111111	11111111	11111111	11111111	11111111	11111111	11111111	11111111	11111111	11111111	11111111
01111011	01111011	11111011	11111011	11111111	11111111	11111111	11111111	11111111	11111111	11111111	11111111	11111111	11111111	11111111	11111111
01111010	01111010	11111010	11111010	11111111	11111111	11111111	11111111	11111111	11111111	11111111	11111111	11111111	11111111	11111111	11111111
01111001	01111001	11110001	11111001	11111111	11111111	11111111	11111111	11111111	11111111	11111111	11111111	11111111	11111111	11111111	11111111
01111010	01111010	11111010	11111010	11111111	11111111	11111111	11111111	11111111	11111111	11111111	11111111	11111111	11111111	11111111	11111111
01111110	01111110	11111110	11111110	11111111	11111111	11111111	11111111	11111111	11111111	11111111	11111111	11111111	11111111	11111111	11111111
01111110	01111110	11110110	11111110	11111111	11111111	11111111	11111111	11111111	11111111	11111111	11111111	11111111	11111111	11111111	11111111
01111101	01111101	11111101	11111101	11111111	11111111	11111111	11111111	11111111	11111111	11111111	11111111	11111111	11111111	11111111	11111111
01111101	01111101	11110101	11111101	11111111	11111111	11111111	11111111	11111111	11111111	11111111	11111111	11111111	11111111	11111111	11111111
01111100	01111100	11111100	11111100	11111111	11111111	11111111	11111111	11111111	11111111	11111111	11111111	11111111	11111111	11111111	11111111
01111100	01111100	11110100	11111100	11111111	11111111	11111111	11111111	11111111	11111111	11111111	11111111	11111111	11111111	11111111	11111111